2457023.5 0.0 0.0 0.0 0.0 0.0 0.0
2457023.50002 0.0 0.0 0.0 0.0 0.0 0.0
2457023.50005 0.0 0.0 0.0 0.0 0.0 0.0
2457023.50007 0.0 0.0 0.0 0.0 0.0 0.0
2457023.50009 0.0 0.0 0.0 0.0 0.0 0.0
2457023.50012 0.0 0.0 0.0 0.0 0.0 0.0
2457023.50014 0.0 0.0 0.0 0.0 0.0 0.0
2457023.50016 0.0 0.0 0.0 0.0 0.0 0.0
2457023.50019 0.0 0.0 0.0 0.0 0.0 0.0
2457023.50021 0.0 0.0 0.0 0.0 0.0 0.0
2457023.50023 0.0 0.0 0.0 0.0 0.0 0.0
2457023.50025 0.0 0.0 0.0 0.0 0.0 0.0
2457023.50028 0.0 0.0 0.0 0.0 0.0 0.0
2457023.5003 0.0 0.0 0.0 0.0 0.0 0.0
2457023.50032 0.0 0.0 0.0 0.0 0.0 0.0
2457023.50035 0.0 0.0 0.0 0.0 0.0 0.0
2457023.50037 0.0 0.0 0.0 0.0 0.0 0.0
2457023.50039 0.0 0.0 0.0 0.0 0.0 0.0
2457023.50042 0.0 0.0 0.0 0.0 0.0 0.0
2457023.50044 0.0 0.0 0.0 0.0 0.0 0.0
2457023.50046 0.0 0.0 0.0 0.0 0.0 0.0
2457023.50049 0.0 0.0 0.0 0.0 0.0 0.0
2457023.50051 0.0 0.0 0.0 0.0 0.0 0.0
2457023.50053 0.0 0.0 0.0 0.0 0.0 0.0
2457023.50056 0.0 0.0 0.0 0.0 0.0 0.0
2457023.50058 0.0 0.0 0.0 0.0 0.0 0.0
2457023.5006 0.0 0.0 0.0 0.0 0.0 0.0
2457023.50062 0.0 0.0 0.0 0.0 0.0 0.0
2457023.50065 0.0 0.0 0.0 0.0 0.0 0.0
2457023.50067 0.0 0.0 0.0 0.0 0.0 0.0
2457023.50069 0.0 0.0 0.0 0.0 0.0 0.0
2457023.50072 0.0 0.0 0.0 0.0 0.0 0.0
2457023.50074 0.0 0.0 0.0 0.0 0.0 0.0
2457023.50076 0.0 0.0 0.0 0.0 0.0 0.0
2457023.50079 0.0 0.0 0.0 0.0 0.0 0.0
2457023.50081 0.0 0.0 0.0 0.0 0.0 0.0
2457023.50083 0.0 0.0 0.0 0.0 0.0 0.0
2457023.50086 0.0 0.0 0.0 0.0 0.0 0.0
2457023.50088 0.0 0.0 0.0 0.0 0.0 0.0
2457023.5009 0.0 0.0 0.0 0.0 0.0 0.0
2457023.50093 0.0 0.0 0.0 0.0 0.0 0.0
2457023.50095 0.0 0.0 0.0 0.0 0.0 0.0
2457023.50097 0.0 0.0 0.0 0.0 0.0 0.0
2457023.501 0.0 0.0 0.0 0.0 0.0 0.0
2457023.50102 0.0 0.0 0.0 0.0 0.0 0.0
2457023.50104 0.0 0.0 0.0 0.0 0.0 0.0
2457023.50106 0.0 0.0 0.0 0.0 0.0 0.0
2457023.50109 0.0 0.0 0.0 0.0 0.0 0.0
2457023.50111 0.0 0.0 0.0 0.0 0.0 0.0
2457023.50113 0.0 0.0 0.0 0.0 0.0 0.0
2457023.50116 0.0 0.0 0.0 0.0 0.0 0.0
2457023.50118 0.0 0.0 0.0 0.0 0.0 0.0
2457023.5012 0.0 0.0 0.0 0.0 0.0 0.0
2457023.50123 0.0 0.0 0.0 0.0 0.0 0.0
2457023.50125 0.0 0.0 0.0 0.0 0.0 0.0
2457023.50127 0.0 0.0 0.0 0.0 0.0 0.0
2457023.5013 0.0 0.0 0.0 0.0 0.0 0.0
2457023.50132 0.0 0.0 0.0 0.0 0.0 0.0
2457023.50134 0.0 0.0 0.0 0.0 0.0 0.0
2457023.50137 0.0 0.0 0.0 0.0 0.0 0.0
2457023.50139 0.0 0.0 0.0 0.0 0.0 0.0
2457023.50141 0.0 0.0 0.0 0.0 0.0 0.0
2457023.50144 0.0 0.0 0.0 0.0 0.0 0.0
2457023.50146 0.0 0.0 0.0 0.0 0.0 0.0
2457023.50148 0.0 0.0 0.0 0.0 0.0 0.0
2457023.5015 0.0 0.0 0.0 0.0 0.0 0.0
2457023.50153 0.0 0.0 0.0 0.0 0.0 0.0
2457023.50155 0.0 0.0 0.0 0.0 0.0 0.0
2457023.50157 0.0 0.0 0.0 0.0 0.0 0.0
2457023.5016 0.0 0.0 0.0 0.0 0.0 0.0
2457023.50162 0.0 0.0 0.0 0.0 0.0 0.0
2457023.50164 0.0 0.0 0.0 0.0 0.0 0.0
2457023.50167 0.0 0.0 0.0 0.0 0.0 0.0
2457023.50169 0.0 0.0 0.0 0.0 0.0 0.0
2457023.50171 0.0 0.0 0.0 0.0 0.0 0.0
2457023.50174 0.0 0.0 0.0 0.0 0.0 0.0
2457023.50176 0.0 0.0 0.0 0.0 0.0 0.0
2457023.50178 0.0 0.0 0.0 0.0 0.0 0.0
2457023.50181 0.0 0.0 0.0 0.0 0.0 0.0
2457023.50183 0.0 0.0 0.0 0.0 0.0 0.0
2457023.50185 0.0 0.0 0.0 0.0 0.0 0.0
2457023.50188 0.0 0.0 0.0 0.0 0.0 0.0
2457023.5019 0.0 0.0 0.0 0.0 0.0 0.0
2457023.50192 0.0 0.0 0.0 0.0 0.0 0.0
2457023.50194 0.0 0.0 0.0 0.0 0.0 0.0
2457023.50197 0.0 0.0 0.0 0.0 0.0 0.0
2457023.50199 0.0 0.0 0.0 0.0 0.0 0.0
2457023.50201 0.0 0.0 0.0 0.0 0.0 0.0
2457023.50204 0.0 0.0 0.0 0.0 0.0 0.0
2457023.50206 0.0 0.0 0.0 0.0 0.0 0.0
2457023.50208 0.0 0.0 0.0 0.0 0.0 0.0
2457023.50211 0.0 0.0 0.0 0.0 0.0 0.0
2457023.50213 0.0 0.0 0.0 0.0 0.0 0.0
2457023.50215 0.0 0.0 0.0 0.0 0.0 0.0
2457023.50218 0.0 0.0 0.0 0.0 0.0 0.0
2457023.5022 0.0 0.0 0.0 0.0 0.0 0.0
2457023.50222 0.0 0.0 0.0 0.0 0.0 0.0
2457023.50225 0.0 0.0 0.0 0.0 0.0 0.0
2457023.50227 0.0 0.0 0.0 0.0 0.0 0.0
2457023.50229 0.0 0.0 0.0 0.0 0.0 0.0
2457023.50231 0.0 0.0 0.0 0.0 0.0 0.0
2457023.50234 0.0 0.0 0.0 0.0 0.0 0.0
2457023.50236 0.0 0.0 0.0 0.0 0.0 0.0
2457023.50238 0.0 0.0 0.0 0.0 0.0 0.0
2457023.50241 0.0 0.0 0.0 0.0 0.0 0.0
2457023.50243 0.0 0.0 0.0 0.0 0.0 0.0
2457023.50245 0.0 0.0 0.0 0.0 0.0 0.0
2457023.50248 0.0 0.0 0.0 0.0 0.0 0.0
2457023.5025 0.0 0.0 0.0 0.0 0.0 0.0
2457023.50252 0.0 0.0 0.0 0.0 0.0 0.0
2457023.50255 0.0 0.0 0.0 0.0 0.0 0.0
2457023.50257 0.0 0.0 0.0 0.0 0.0 0.0
2457023.50259 0.0 0.0 0.0 0.0 0.0 0.0
2457023.50262 0.0 0.0 0.0 0.0 0.0 0.0
2457023.50264 0.0 0.0 0.0 0.0 0.0 0.0
2457023.50266 0.0 0.0 0.0 0.0 0.0 0.0
2457023.50269 0.0 0.0 0.0 0.0 0.0 0.0
2457023.50271 0.0 0.0 0.0 0.0 0.0 0.0
2457023.50273 0.0 0.0 0.0 0.0 0.0 0.0
2457023.50275 0.0 0.0 0.0 0.0 0.0 0.0
2457023.50278 0.0 0.0 0.0 0.0 0.0 0.0
2457023.5028 0.0 0.0 0.0 0.0 0.0 0.0
2457023.50282 0.0 0.0 0.0 0.0 0.0 0.0
2457023.50285 0.0 0.0 0.0 0.0 0.0 0.0
2457023.50287 0.0 0.0 0.0 0.0 0.0 0.0
2457023.50289 0.0 0.0 0.0 0.0 0.0 0.0
2457023.50292 0.0 0.0 0.0 0.0 0.0 0.0
2457023.50294 0.0 0.0 0.0 0.0 0.0 0.0
2457023.50296 0.0 0.0 0.0 0.0 0.0 0.0
2457023.50299 0.0 0.0 0.0 0.0 0.0 0.0
2457023.50301 0.0 0.0 0.0 0.0 0.0 0.0
2457023.50303 0.0 0.0 0.0 0.0 0.0 0.0
2457023.50306 0.0 0.0 0.0 0.0 0.0 0.0
2457023.50308 0.0 0.0 0.0 0.0 0.0 0.0
2457023.5031 0.0 0.0 0.0 0.0 0.0 0.0
2457023.50312 0.0 0.0 0.0 0.0 0.0 0.0
2457023.50315 0.0 0.0 0.0 0.0 0.0 0.0
2457023.50317 0.0 0.0 0.0 0.0 0.0 0.0
2457023.50319 0.0 0.0 0.0 0.0 0.0 0.0
2457023.50322 0.0 0.0 0.0 0.0 0.0 0.0
2457023.50324 0.0 0.0 0.0 0.0 0.0 0.0
2457023.50326 0.0 0.0 0.0 0.0 0.0 0.0
2457023.50329 0.0 0.0 0.0 0.0 0.0 0.0
2457023.50331 0.0 0.0 0.0 0.0 0.0 0.0
2457023.50333 0.0 0.0 0.0 0.0 0.0 0.0
2457023.50336 0.0 0.0 0.0 0.0 0.0 0.0
2457023.50338 0.0 0.0 0.0 0.0 0.0 0.0
2457023.5034 0.0 0.0 0.0 0.0 0.0 0.0
2457023.50343 0.0 0.0 0.0 0.0 0.0 0.0
2457023.50345 0.0 0.0 0.0 0.0 0.0 0.0
2457023.50347 0.0 0.0 0.0 0.0 0.0 0.0
2457023.5035 0.0 0.0 0.0 0.0 0.0 0.0
2457023.50352 0.0 0.0 0.0 0.0 0.0 0.0
2457023.50354 0.0 0.0 0.0 0.0 0.0 0.0
2457023.50356 0.0 0.0 0.0 0.0 0.0 0.0
2457023.50359 0.0 0.0 0.0 0.0 0.0 0.0
2457023.50361 0.0 0.0 0.0 0.0 0.0 0.0
2457023.50363 0.0 0.0 0.0 0.0 0.0 0.0
2457023.50366 0.0 0.0 0.0 0.0 0.0 0.0
2457023.50368 0.0 0.0 0.0 0.0 0.0 0.0
2457023.5037 0.0 0.0 0.0 0.0 0.0 0.0
2457023.50373 0.0 0.0 0.0 0.0 0.0 0.0
2457023.50375 0.0 0.0 0.0 0.0 0.0 0.0
2457023.50377 0.0 0.0 0.0 0.0 0.0 0.0
2457023.5038 0.0 0.0 0.0 0.0 0.0 0.0
2457023.50382 0.0 0.0 0.0 0.0 0.0 0.0
2457023.50384 0.0 0.0 0.0 0.0 0.0 0.0
2457023.50387 0.0 0.0 0.0 0.0 0.0 0.0
2457023.50389 0.0 0.0 0.0 0.0 0.0 0.0
2457023.50391 0.0 0.0 0.0 0.0 0.0 0.0
2457023.50394 0.0 0.0 0.0 0.0 0.0 0.0
2457023.50396 0.0 0.0 0.0 0.0 0.0 0.0
2457023.50398 0.0 0.0 0.0 0.0 0.0 0.0
2457023.504 0.0 0.0 0.0 0.0 0.0 0.0
2457023.50403 0.0 0.0 0.0 0.0 0.0 0.0
2457023.50405 0.0 0.0 0.0 0.0 0.0 0.0
2457023.50407 0.0 0.0 0.0 0.0 0.0 0.0
2457023.5041 0.0 0.0 0.0 0.0 0.0 0.0
2457023.50412 0.0 0.0 0.0 0.0 0.0 0.0
2457023.50414 0.0 0.0 0.0 0.0 0.0 0.0
2457023.50417 0.0 0.0 0.0 0.0 0.0 0.0
2457023.50419 0.0 0.0 0.0 0.0 0.0 0.0
2457023.50421 0.0 0.0 0.0 0.0 0.0 0.0
2457023.50424 0.0 0.0 0.0 0.0 0.0 0.0
2457023.50426 0.0 0.0 0.0 0.0 0.0 0.0
2457023.50428 0.0 0.0 0.0 0.0 0.0 0.0
2457023.50431 0.0 0.0 0.0 0.0 0.0 0.0
2457023.50433 0.0 0.0 0.0 0.0 0.0 0.0
2457023.50435 0.0 0.0 0.0 0.0 0.0 0.0
2457023.50438 0.0 0.0 0.0 0.0 0.0 0.0
2457023.5044 0.0 0.0 0.0 0.0 0.0 0.0
2457023.50442 0.0 0.0 0.0 0.0 0.0 0.0
2457023.50444 0.0 0.0 0.0 0.0 0.0 0.0
2457023.50447 0.0 0.0 0.0 0.0 0.0 0.0
2457023.50449 0.0 0.0 0.0 0.0 0.0 0.0
2457023.50451 0.0 0.0 0.0 0.0 0.0 0.0
2457023.50454 0.0 0.0 0.0 0.0 0.0 0.0
2457023.50456 0.0 0.0 0.0 0.0 0.0 0.0
2457023.50458 0.0 0.0 0.0 0.0 0.0 0.0
2457023.50461 0.0 0.0 0.0 0.0 0.0 0.0
